1.000000
0.500000
0.353553
0.279508
0.263426
0.305623
0.403127
0.558249
0.784555
1.107229
1.564449
2.211206
3.125631
4.418327
6.245704
8.828887
12.480465
17.642319
24.939089
35.253766
49.834540
70.445847
99.581883
140.768431
198.989521
281.290551
397.630859
562.088913
794.565962
1123.194308
1587.741627
2244.423300
3172.705095
4484.919407
6339.858730
8961.991302
12668.624256
17908.301308
25315.081515
35785.267463
50585.867822
71507.919450
101083.222732
142890.717510
201989.574518
285531.411171
403625.716624
570563.212124
806545.186844
1140128.078009
1611679.116642
2278261.210402
3220538.188544
4552536.020240
6435441.222000
9097106.214578
12859621.993967
18178294.715601
25696742.790906
36324781.856203
51348522.559353
72586004.217894
102607197.748095
145045000.660352
205034857.965919
289836208.002415
409710955.018112
579165273.444559
818705015.952730
1157317149.144168
1635977498.127990
2312609275.996925
3269092435.285201
4621172050.705349
6532464757.411248
9234258179.222437
13053499297.304859
18452358662.456882
26084158159.662823
36872430204.958603
52122675414.613358
73680342664.579453
104154148880.235809
147231762728.776733
208126053443.620972
294205905839.845581
415887937136.574951
587897023215.672607
831048171979.916870
1174765370257.363281
1660642212674.610596
2347475188098.772949
3318378707153.297852
4690842868080.217773
6630951062211.756836
9373477907061.566406
13250299579931.574219
18730554517621.234375
26477414372497.757812
37428335140500.914062
52908499737978.851562
74791179837828.203125
105724422526368.984375
149451493381586.125000
211263853140606.812500
298641483159077.062500
422158046147605.937500
596760416677388.875000
843577418842926.875000
1192476648407465.000000
1685678783279375.750000
2382866753988880.500000
3368408040480422.000000
4761564073265888.000000
6730922189754288.000000
9514796572600230.000000
13450066909965262.000000
19012944575556436.000000
26876599488538496.000000
37992621142754648.000000
53706171493623688.000000
75918764479680464.000000
107318370306948560.000000
151704689667623680.000000
214448959682533504.000000
303143933188082304.000000
428522686073096896.000000
605757438547746432.000000
856295562128849024.000000
1210454949557778688.000000
1711092816207368960.000000
2418791898654391296.000000
3419191637987147776.000000
4833351502369854464.000000
6832400525877965824.000000
9658245820344092672.000000
13652846019914418176.000000
19299592069903650816.000000
27281802894531055616.000000
38565414568358739968.000000
54515869298634973184.000000
77063349082320846848.000000
108936349143612424192.000000
153991856129458995200.000000
217682086288151150592.000000
307714264129173716992.000000
434983282102588801024.000000
614890103467263000576.000000
869205449723032502272.000000
1228704299464210513920.000000
1736890002246186827776.000000
2455258666563029958656.000000
3470740871291178844160.000000
4906221230251714805760.000000
6935408793920646152192.000000
9803857771885278265344.000000
13858682316694466068480.000000
19590561187642187186176.000000
27693115324855283089408.000000
39146843678960248684544.000000
55337774463009375125504.000000
78225189944616917401600.000000
110578721339105777549312.000000
156313504916366847639552.000000
220963956929008809017344.000000
312353499384765134929920.000000
441541280912406862626816.000000
624160456450061467910144.000000
882309972446797115686912.000000
1247228784576730585104384.000000
1763076117980237025771520.000000
2492275223464447716622336.000000
3523067283453719632412672.000000
4980189574122702746157056.000000
7039970059807197025533952.000000
9951665033095115310104576.000000
14067621891795414549528576.000000
19885917083462402224160768.000000
28110628881842346347462656.000000
39737038669935130794000384.000000
56172071030252657767874560.000000
79404547229510499481681920.000000
112245854658408964958453760.000000
158670155899009204058324992.000000
224295306491568359320059904.000000
317062677786533555790151680.000000
448198150989602761763454976.000000
633570573341794723828858880.000000
895612064704752353441480704.000000
1266032552954422809442910208.000000
1789657027084248286987550720.000000
2529849858218719964699820032.000000
3576182591564227806358405120.000000
5055273097199488436384301056.000000
7146107737214492620472975360.000000
10101700701425364628817313792.000000
14279711531602788005625987072.000000
20185725894355356396342476800.000000
28534437056398546126438924288.000000
40336131699541889690640580608.000000
57018945818591150516954202112.000000
80601685022273933647416393728.000000
113938122411088369621462417408.000000
161062336785845981343037521920.000000
227676880941761983503510011904.000000
321842853828038136205861191680.000000
454955382960782969441578123264.000000
643122561284474777762321661952.000000
909114705141879247619758227456.000000
1285119815194326052189004365824.000000
1816638681636280188590752792576.000000
2567990984652412180740022730752.000000
3630098689364140372899305357312.000000
5131488612413061055235860987904.000000
7253845592814268400930788474880.000000
10253998373319481664276894056448.000000
14494998727874188134146667184128.000000
20490054754422385548216225497088.000000
28964634748940118490749738156032.000000
40944256918514977576797966696448.000000
57878588462804831790256413999104.000000
81816871389645030216707434610688.000000
115655903534889396661043549175808.000000
163490583241301751808225896824832.000000
231109437492032072646180030382080.000000
326695097900846004093450920656896.000000
461814489925895079582157298991104.000000
652818559188311670262654589468672.000000
922820917310517159571710361468928.000000
1304494845374292107515640221270016.000000
1844027123450535667378054640959488.000000
2606707143442630226256087717249024.000000
3684827649910164044953927068680192.000000
5208853186173538842549836593496064.000000
7363207751595029536689183155814400.000000
10408592151735651898838999044718592.000000
14713531688373792176267066754465792.000000
20798971809908020515839402240376832.000000
29401318290643601112642032943235072.000000
41561550500104110608602236666773504.000000
58751191456690695547283857880383488.000000
83050378439853395738681674699898880.000000
117399582680588931764240656940138496.000000
165955439005712542065515412615856128.000000
234593744770887377196032294788268032.000000
331620496534216441806652996874928128.000000
468777007797044963080731032362680320.000000
662660738210663973246560454574080000.000000
936733770347407642909439383325114368.000000
1324161982010041173750782766417444864.000000
1871828485430255502773661839413739520.000000
2646007004029476992349091964567683072.000000
3740381728277700817999022371758931968.000000
5287384142191719751198974504150761472.000000
7474218702264197345021830933847736320.000000
10565516653783216454401885154033270784.000000
14935359347667187087329431077412405248.000000
21112546234459463515982127424465797120.000000
29844585465016642141185493404588441600.000000
42188150670566738863593934123557715968.000000
59636950196166807835060657559860936704.000000
84302482383551753560728381720807604224.000000
119169550298127979374297635317950185472.000000
168457456017082702470449292118870458368.000000
238130582995018086352938037970789728256.000000
336620152638401609951571335469848330240.000000
475844495642423873051937731088358572032.000000
672651302242211706748470651649267859456.000000
950856379660943965910389030904316035072.000000
1344125629026663923603076917840326950912.000000
1900048992941024194716091535533776306176.000000
2685899366557338469599195180947453509632.000000
3796773364305047631271951971890908626944.000000
5367099065358274721120280050243825827840.000000
7586903302731687462491061810124854132736.000000
10724807018474243338682875368005865308160.000000
15160531378078927437634354698212998119424.000000
21430848244616153823438402820552123219968.000000
30294535529793901231631864601294804090880.000000
42824197740119960035460821316920265408512.000000
60536063023025730468289820524723633651712.000000
85573463595665651792375288553998624227328.000000
120966202724042035658228856845205153775616.000000
170997194534675727018798076840611890069504.000000
241720744144002808056453151624844458065920.000000
341695185751611404921362262395545815351296.000000
483018536035418671172313066657360734322688.000000
682792488400456844508623542873583293300736.000000
965191907628783489329842263787249999020032.000000
1364390256744755749540274992604235180277760.000000
1928694965204767952003950847874202916093952.000000
2726393163845436638223883539806208995098624.000000
3854015185378963421728229189251957964931072.000000
5448015805681396689120335519105673806741504.000000
7701286785676174116372544604613778251710464.000000
10886498914591975008443604117777170615500800.000000
15389098200815353834278826194530141187604480.000000
21753949115532935500386079000249077482913792.000000
30751269239163277972623540370641586086739968.000000
43469834134359337771361426257175561312927744.000000
61448731269348006873152444870919333655609344.000000
86863606678176185763676549446268747163631616.000000
122789942270210117140307438000732786063835136.000000
173575223264469899996597799950883528713961472.000000
245365032137652240812150118078435823311650816.000000
346846732290706198699595248469866428023963648.000000
490300735408987515704763487530906301163896832.000000
693086567530667920985929898327423666278629376.000000
979743564305976864213107466487109220288167936.000000
1384960402881428001474379867721755963307327488.000000
1957772816714776346017378205121954432361168896.000000
2767497463388097726993096895600786229921054720.000000
3912120009262231462421890393382759152549363712.000000
5530152482283840033482577317661585474708307968.000000
7817394764195270228975295998120382133335752704.000000
11050628548677877037805939431725692558755495936.000000
15621110997255012980976236763505285808093396992.000000
22081921196940107875297418305299470282204905472.000000
31214888866326938911906932569513385543652605952.000000
44125204426151118371894402619267978775146528768.000000
62375159302584864982872415227010863279386918912.000000
88173200523848723068984921770844827151128068096.000000
124641177313941636356288152185227862648438128640.000000
176192119486504107556158744460517584886304866304.000000
249064263016024770003384500315730237681903337472.000000
352075945805664489832270478457313733610395664384.000000
497692724415376016684051373320019973498195673088.000000
703535844714371531427091363374666206081785528320.000000
994514608143772634981584031812688339892772536320.000000
1405840673566404539484496803431596138113005518848.000000
1987289058672052053673410523030622086617496551424.000000
2809221469385168341242357522485684190969646284800.000000
3971100846963843990139778083801889908957265264640.000000
5613527487460192059166702485743581935064898863104.000000
7935253237540873368001203437776316879139434921984.000000
11217232673139100347717316909145235678261973876736.000000
15856621720409365295953532804190539853520250601472.000000
22414837929344267526129124000576785428705219444736.000000
31685498226402766322426133201594404850397352034304.000000
44790455368005545588424926689022351347780256006144.000000
63315554571320942717458580067393434017585057234944.000000
89502538380922680227764296622963205164476563193856.000000
126520322389421510043573535112545715392789937651712.000000
178848469184144498906924945527056599691091800752128.000000
252819265122156549325366456379829539983743810273280.000000
357383997237890696070422658898257238390623329845248.000000
505196158291258643353582748622760223349681229398016.000000
714142659785515084101257959649212343708304273309696.000000
1009508346719259864309497155127981116159108396875776.000000
1427035744373443292902131237106274899102176175456256.000000
2017250300443320901541786730245206468214625312702464.000000
2851574524803051105339268546725128903915363171827712.000000
4030970905652476932829616524948102116661490188550144.000000
5698159490795351686339866730110766882981877240561664.000000
8054888596941019253861642605591012681350900218855424.000000
11386348594478230298923316928495875829406883978936320.000000
16095683106556280108241562162955889073908788374798336.000000
22752773860473308661921849150998502859530879333564416.000000
32163202699670839722704176225572414308349016004362240.000000
45465735924938111832113851768065322130852438412886016.000000
64270127651726762358686807322152166441507579540537344.000000
90851917918776643052677329610091031414298960140959744.000000
128427798280533930935515059440960840148871284399276032.000000
181544867175299416442033740866090232191492871505838080.000000
256630879287546795782402101554067229292419685334122496.000000
362772075182415767747079519513319103136933820294496256.000000
512812717228384218686883161323969320332333919126945792.000000
724909387854409224474839500214358846203029503747293184.000000
1024728137476010882986724820269246917770120394627350528.000000
1448550361367301793653086155384228585104607152906960896.000000
2047663251041022943361927585583369115023102347134894080.000000
2894566113466808278497150700815300830319304279708401664.000000
4091743591613877819833652780028290167878516671676153856.000000
5784067443345068222649205114705004847674968381679730688.000000
8176327631509472017071076769746542261263404623070232576.000000
11558014181647051660866026366176828701996598721148616704.000000
16338348687048888983432621823892271584341496609487454208.000000
23095804661969377173081668407343986445668231121014358016.000000
32648109255170687635099779168101041436024871772236021760.000000
46151197307826212670417446859992506628556108497841815552.000000
65239092294711521646054071821262545170194537663208357888.000000
92221641294583318413304459569261203503081496648037171200.000000
130364032115085441715079323001949027006983781380809293824.000000
184281917245613206311373409417707807691548465634027241472.000000
260499959020439589753132151974866290894260740378608009216.000000
368241386154050904837128547853580280336201363048785510400.000000
520544106749810094172623364370147991086953331596390825984.000000
735838439839570457345640620487200218034182985939461079040.000000
1040177388475891393425013820856540508764848049351297073152.000000
1470389342166494732778701307714413649128948226946848784384.000000
2078534720625613142207166339160174106067915225618442092544.000000
2938205862183813892840691855070176785557786598853083922432.000000
4153432513252838326242059165631481648873786239299010691072.000000
5871270581879524572632894434787922811537685297757755015168.000000
8299597534244438143001427829162599390745918764418538143744.000000
11732267874526274940099987736203263611228972326832287252480.000000
16584672800302483420496562627223224531887777974229179301888.000000
23444007146333509334213446553320898470746691363851225530368.000000
33140326474653892398790778552088452465422393135960273453056.000000
46846993007268787145615903942015144492755827901983990218752.000000
66222665473786981202344710326650689533333111460353598816256.000000
93612015220969527454400383701542144139406212658329133514752.000000
132329457460448832320115020695503919200364557387882756571136.000000
187060232283667170467480616903077989664424554455164407250944.000000
264427370696943412533531184860216478214030821194057258106880.000000
373793154857553406486735034316906833030872349244118039265280.000000
528392058091806425038126831470711937007388281024155821801472.000000
746932263007579215580618308126840297242031671352684902875136.000000
1055859559162202000876604957678415284340397847714357695217664.000000
1492557577022064779517715937714794138954406775447704039325696.000000
2109871622030512109165453828605561620125423182655051173724160.000000
2982503542899407570588594017999599021069023999411660355796992.000000
4216051484140430418724745310415956362658886045844973406912512.000000
5959788433190886576041956316438408463237560166750392852414464.000000
8424725908117680779239016679358152960209134856586124142313472.000000
11909148692533124195657597439376855075022412441926504378531840.000000
16834710603962148217820614419782521611335580540285314414936064.000000
23797459284125694281716972840279060553057025664797660416049152.000000
33639964576898254018320174923953781237430582695208495261679616.000000
47553278827956408334637120476571239981704813758205376723943424.000000
67221067433652765191237946582372532844297673337820977985224704.000000
95023351034696272561926256384180487581462016217720675576578048.000000
134324514420649047876664554053921822494737123995521436323151872.000000
189880434418220141192239546023579816287043483095474919847231488.000000
268413993755033480685774719047451861877642480873164584645558272.000000
379428624461867653611926300422728570169645450244031984401645568.000000
536358328591522163219437089698456988177837498538162158707933184.000000
758193341521082152283902833600330408162814151888383363155755008.000000
1071778161134329696246870329465553904687422717923879087639625728.000000
1515060029912627377867562016416280394254937646110181454428241920.000000
2141680972310051717662600533206935966804640439380253119482953728.000000
3027469074885070133626906041826722631094168634559616628822114304.000000
4279614526107187615490898211641439089657354192771780952845189120.000000
6049640818465812094978005219481629905067900808075235502464172032.000000
8551740772255491703055872295343592551033130305287443363854811136.000000
12088696243358673721450352135201097477068640467109226523555528704.000000
17088518087253839502154077730352004404560371523243717472884359168.000000
24156240221424296903209175957180057761579573419333848085752184832.000000
34147135442388184081508846249104353670929115456618269390479032320.000000
48270212923559523326006184784810306843978664447329679833131122688.000000
68234521739514195931274102446864205856772229776798458703798861824.000000
96455964766374133997098202151319536529401777899588542297188335616.000000
136349649734912143067637984544306615774284429582112956693188968448.000000
192743155157516926647496424441466117767681043494396611053924384768.000000
272460720891477549024318666764188181665319846083146365688642273280.000000
385149056878497989387426716876359756749765100831660821541195612160.000000
544444702080491615329617696328147435742787141220781075783412088832.000000
769624196995051053286560994611188380711390570982401068717282689024.000000
1087936758934073163346290988969693912187395361708486201650526027776.000000
1537901739655914813171776665204958663544812669719563213658675740672.000000
2173969894310752644180170422327780370432061115088483287570411683840.000000
3073112526959568545378760925191826536506525792825902027249408802816.000000
4344135872382910797383049281335422766652744637236151976096859947008.000000
6140847857723861732635050922498065621889357725670657521860516773888.000000
8680670568212795644114323653264046853517744870708785008158407917568.000000
12270950731836925431614070446454023766458214982520921162332835414016.000000
17346152083521620689390092737749545434703186813001780847069416652800.000000
24520430297548690354069180907922482478390552291798231736970742071296.000000
34661952638367374612639601614575177093973406648151461679290543767552.000000
48997955832142627250750457306878384114223633287542430303759657598976.000000
69263255327143647231602753727468381259598772980599526420513078378496.000000
97910177211229756153236640038392347946953253333297037326143193088000.000000
138405316877700804565462358659844026808980742220000285681080739037184.000000
195649035530697408359778356752796794699839728359986006081206185099264.000000
276568458261731356176304679841883165379906744284733529801872658923520.000000
390955733044079828328642507486953036133441328002240073276927284084736.000000
552652989284075338065001501018673310790436629342197965693106538938368.000000
781227389061430927110227037040617003647826603986816323921942841131008.000000
1104338970843826941663293029823434624492289498770954170069308193898496.000000
1561087821037088363703127268942259432365740917553428579077489720033280.000000
2206745618266294818692117988968460151352886776692987924664689750966272.000000
3119444119743598093893173994842187470536328907766901974263161841254400.000000
4409629970783814051332229435061007845393548796574284647598302712299520.000000
6233429974322835269643139879281099479635560683571100828971089170268160.000000
8811544166341873321160483387637405354737153668198564318195005832298496.000000
12455952968947596764599508181503687728770043910145795501359307658625024.000000
17607670282954002943728456042800177675689176289872190835393150540840960.000000
24890111063049066708169936997310267655468470591520938323018807412523008.000000
35184531444269091205317354100703852641023733120716872428081682493472768.000000
49736670512112610456180713001331296834301418137896655032842602611212288.000000
70307498553696908788621756512579610639569960184031733352532237587841024.000000
99386314000939482576136355206548454245420323690171985425239410131075072.000000
140491976160257736521949286161507368815743476211174977001922564928307200.000000
198598726231338535468920582579980376697939112530564801999917191121600512.000000
280738125682848167998441837273910633554304425030090648914214618239336448.000000
396849953207212353712654113417005133987226173674128141021085507692527616.000000
560985028226925033412107404680269363879588844856492128558742071863672832.000000
793005515942302120707321806719024364753410476249173539541817690601553920.000000
1120988469696799770622612104814142885888254813197817222675637818586300416.000000
1584623465954053451471569920590776493865269976493699519209688884607713280.000000
2240015483416533538372559004995653982197464771037360330259952295017971712.000000
3166474227948417411401297385715678248302179113103171246533661834877075456.000000
4476111486947733514239559173716803819834220997747611903253422994337300480.000000
6327407899532044272627315753565869408250364670599021140249543249041031168.000000
8944390872257113960283746340816900944874638204250614116742665664123109376.000000
12643744380954648050166042846115898766956479758997540427253390861980925952.000000
17873131245502092106785682343765218250577046983673237604381474585858539520.000000
25265365297967487976478557956844367530822653727079434011452736314932199424.000000
35714988877529940831587099883359176398570747410525256134495296505899909120.000000
50486522378708748055196483357239463035827175474028522010462397006268596224.000000
71367485249295182739086683517405620709862458290427435998308312935821213696.000000
100884705676545620860762199045523981767524544348290882495899505216655982592.000000
142610094833679842977982788994323091817209382273000581290220185111429644288.000000
201592887763158746578396319857708286356517854443494121307901524984402542592.000000
284970656839446564495926069133771350480449176474426849477053277112144756736.000000
402833037219612125039408756769993883120850476885822918017072848355811393536.000000
569442684644557522821663293980746811429503448435324632143164087833573982208.000000
804961215031680425216294818325819750979381935035344424505375257392624697344.000000
1137888983699444779305599003120212084890654516990784053658554393182047567872.000000
1608513944580046835356548656379436056282596185961795550361306251124858159104.000000
2273786939650924824992539649219124550633866239833525830041015552706080669696.000000
3214213382698985104949678735929305650772787440351646174957278263473172643840.000000
4543595307618094343339018509425102321654846902380846196354368820833914191872.000000
6422802677174505470513965674125593428894191547572146914007636284254992728064.000000
9079240433397203339954603220030915321877262809297213922167063784841245884416.000000
12834367018682572209828469931886398987661973631231878375444962125894521978880.000000
18142594413992507265109857436582506661703984857413226751080016153238577348608.000000
25646277030374290243956585134547786052544826446873903079904125629389600718848.000000
36253443719792752741668453588796768643673841843685659912695537564302165671936.000000
51247679341043097028714326878139161894786140195328541895149387038456807424000.000000
72443452769385345253228618897389176235508196699496650868099620123176761032704.000000
102405687762472325876464756145460037057794018696767051689939419070029369442304.000000
144760147193546778708851807623129232772795067807414778190542292496894214012928.000000
204632190587920686870666106387830945645015204424979834435421344241563086094336.000000
289266999492784327650677980704610796536431598562400368462009078239361551564800.000000
408906324831660275767061865066072270380583913117281244306529971973491485835264.000000
578027852401138218900513676148306954690180529713416668150412172650327169826816.000000
817097163486091495534828456290949852840739139595104116314530145331112354775040.000000
1155044297266292052849332811350094074396201801938356368867412793081358094172160.000000
1632764606543749646552010123098425617712260199410382999905621727152467179732992.000000
2308067549176727558674469379406662374466572864304889503522104544929469180149760.000000
3262672273892118183885495870260289228187941703980323790241763087075389407756288.000000
4612096543977397577680101516483583482424056834056954700854470554868573972463616.000000
6519635668339149778791245856845516888449774772486334929190728951465373438312448.000000
9216123045686263821008450296405475516502523684211409871182073187430245978865664.000000
13027863566932536528872120893901594204157806554471163342710260978279501478756352.000000
18416120127438011737744263955631039663531885878791934692717364420857763991650304.000000
26032931555183808017928547536339340802113803280803900966731844038727537730256896.000000
36800016543504492002679160774975569132864895973449511877406819282141282977185792.000000
52020311839699089232397357479528292103427630884991483555200927935936816587210752.000000
73535642047888900220507386362795291099046599664890210185419921343389976494080000.000000
103949600841657096037090665609799670912078947821854833323730622712225759112462336.000000
146942614686126167531337862426713368150365082060875039869605150088300203350163456.000000
207717315275562271713867195681094735963653666491583834817932982889409167870656512.000000
293628115692983371524936970658805934518203879105757774086187972007628566484221952.000000
415071175992401383301249642349873964693230249744973341428310577446523872663830528.000000
586742453913557521402013062925909416547379723445226385417013150599179020273713152.000000
829416078824046313217611784854199700008152050755063704039439655173269909999190016.000000
1172458251867363586353572998790160598578299026983341905422731932423984169527279616.000000
1657380882127191235332886639794935192935584628263698512033256354308837464531271680.000000
2342864988212352764006039099212109615107510407437634896163803719235869044908228608.000000
3311861752590209927313558597594836613172866957460742295819222396767748678983090176.000000
4681630535030959434574703458740233634498443453692372785147481416299196719770370048.000000
6617928556164047900451175576239465373810824954322355365016073123032335015611465728.000000
9355069360295414965471581489245003040790328450401900045958339729570590572471648256.000000
13224277354040489616891388264586226515179572540239285540815634410603530043038629888.000000
18693769634548777498729383134695476680210580839999280488101779766006596854697951232.000000
26425415453253957532284193335610154218606179189424182039652771546999434082047229952.000000
37354829738915223457478054322810629874704991359424743767755944647299888095711723520.000000
52804592884897168248808133900640554604115553402760801912572917390332205721905528832.000000
74644297651153067745148715085254751728030965416272767974181808964287932699441627136.000000
105516790631815260946311159293616374892341850335139526428359585211887126685331488768.000000
149157986016180904520446277243051796409378641079070820784886461175888978704498425856.000000
210848952656592683796968258128279904992780775596286237545297932110855194975687147520.000000
298054981994455614512858477533057783841572190342263436370325385523964449910836690944.000000
421328971154069194779142550713733280230780871108174781829752106644726385945614483456.000000
595588440581908279443940138311731805405332423609097749892543815913050094162715607040.000000
841920719534558221386884725773490445977837783568079324823115136592271930470483099648.000000
1190134746888370365472004957902645214863724133512467567662586720892384405201069539328.000000
1682368283481715046562693374317733117880506367249339856432603644646781727263097356288.000000
2378187048706249169636765650126757840985384794393266615710289449701730619022320336896.000000
3361792833451029113570858518828760496597533612189410847088028629670384594705388142592.000000
4752212851041670589445338431028614732060989933029159233607051637094034887719404961792.000000
6717703350691781596914675224566177617011033170934945036437824340675183634319105064960.000000
9496110490506287381076001851187702379485120007039306205890026160581370187147380785152.000000
13423652361579396144380384720121713297606771668428184013173058893558731532964825399296.000000
18975605107447412606587074284073074940359230898156292103886844365631051319080348811264.000000
26823816610773654954391800446666869407877998269653720291000923714681402895963766390784.000000
37918007541484175397381609546564490081607505232184687046884230781836682679536580558848.000000
53600698095235846041931261214035078492568044904260524996894604447024702545279131320320.000000
75769667832714483648206537032739716690098188412686046385428091417928315844813484195840.000000
107107608062854067801818261316960126689594458010907700627967945106891731710453305311232.000000
151406757256401297489937612888563039932562223985764949294082791696799458228330020470784.000000
214027803976784773098998127215969497671461566371431628231621947231718565832269603274752.000000
302548589674575627573226430515320221252892897432922553116488901233546538115200400228352.000000
427681111581200982540579991914641461429457767436254522090534011222859770904667427438592.000000
604567793226445908327715719647975345128908668782515936156234550872456699650363894005760.000000
854613885694831060934716834107504608260166694720606689430257275916770001831750229032960.000000
1208077740503872921258680647120915341094121396649293933530947976163540473522891572379648.000000
1707732405862277455110755462835754190681153469911910760100005135972683575734343171047424.000000
2414041640081699229189762723709725878899461634333832024218491663812693003985619253198848.000000
3412476697194158596991848607497756335287210466100088995726725466863127974198203929067520.000000
4823859297016538538164015706114907541504262981419254007795350459186227624257069147750400.000000
6818982393797989991140039613236340356243193113432544682759792398271647138148651601231872.000000
9639278018677990263481828973548168683183752416360957288982969399638914726209743256289280.000000
13626033234207707841343425763903291426852606778178936496425306849890741602746158351908864.000000
19261689655590741876619389760262757573409304294317033099954263771266691604069330897076224.000000
27228224238942564068231063373979619051608237170601250565767231868613722437240387440476160.000000
38489676059698829886032685052686105664618914974950697519878200574419731875353659235631104.000000
54408805737016611113149171750435614222403578827521695437471751017177480505720258017886208.000000
76912004588889123020272210442648236502578899127496411850741528366799133901667490917777408.000000
108722409355454108061365302946754215203170153319473631180009306516180219801128589707968512.000000
153689431958487283955455922035285197656172910372053397880472625075770178424724881015832576.000000
217254581054200672607413253609040317851990931684013783498178632667717503234274651279458304.000000
307109944955650704467259026102630308282742094168313798095919781146231581013405666096709632.000000
434129019664412648518640494056723869719453862196376625964931317052150637389674313838231552.000000
613682522531142198776063008240691325980160711142094193654079072264715047883605247245942784.000000
867498419597260256148437861712490937917290427950759667640029723132531308322147193229148160.000000
1226291250563608335612314720865836455398929143077091112046834431580095661893359070154326016.000000
1733478928880354018512641278752365017403566868577148155009503074149629557166013857419755520.000000
2450436791007921434986434521849452306315082651055000622600560418745292474668390858455252992.000000
3463924693104616303860827166270113079973409583643298076743211174358288050924026004013842432.000000
4896585916245788128896481460838412108094760995028821498929563014250981980582458091896832000.000000
6921788364194229718046542540958855490737095026463298661986311908444392325907199750100221952.000000
9784604003319137379359859579701809046893525476273985095763075134607980532298233728523567104.000000
13831465289666341721508136266461354431876001955553393533852790333980015943466117900307267584.000000
19552087339901418000480628376824140757055986184389802724180673651586142789565922607024308224.000000
27638728893947517806807811605692237788657240267735569474130901351352390367025869426211684352.000000
39069963303313530504843190760565880249078221147276654079346890197771943054036748816988766208.000000
55229096764161939883036725622692129922287551847265704484445723664140763623976323352451088384.000000
78071563715199851771720225431178693704422180484674241249911943686907408030203131409068982272.000000
110361556100835136974350284727684474384877551391211687544352882928499049677842724794790838272.000000
156006521265904996285845843734816307245868419617840910881893893182621771965011132610179497984.000000
220530006438583501703720304108802150130822067562657961646472409280780558777144847708249391104.000000
311740069230237114790036061376519237787691076031293310395199913891394737446819633979252015104.000000
440674139238905255017006616679736138070203035071014755804214193433479636015227504938243325952.000000
622934669493922026455802034131351397982527254427853769685275250668978144854419142437146460160.000000
880577206385889629688813363440182506710274361102400933037899806979461661323709133470318985216.000000
1244779355492179052320717081719907483893981623513913249442565740614202848609382044302569373696.000000
1759613617775733413883611668877297360069894865622756558702776966111278994981547048482168111104.000000
2487380651197873275668640178549408172958168277107486561916433908941264671767562996850807013376.000000
3516148341574219620714336608568457573445753709090054169589614981171549317399053329324484591616.000000
4970408993895330888959774524834984129820142086040184142167359589891200594074041623002891681792.000000
7026144282506266858675066426437045409967673598454023080609000145935676229705063750307560816640.000000
9932120986266483141164228748087574210738910399831907602571764375427435817020897753924752113664.000000
14039994528926347243611564902116388740319684548812883652151410531915426120917441182627644047360.000000
19846863187112701558567364426049987197775069712110768145733179754665418360168901685722075889664.000000
28055422497240177607000437145533742506373469694680757243871971711883808027301809565290127687680.000000
39658999212013902694865098454859398736527908342448663398954064488272440931020221600594619531264.000000
56061754858735075321126044698350361026593217395129128238470823130943328057927775526348616892416.000000
79248604863655252638970877221585923850386037143407612378030131847041129792034938091724351733760.000000
112025415341724929732372542173015848184385407539025109157393426686044164334116237621304099864576.000000
158358544028343946864121267500167308344782409437844935956318136883351589321203054909635791159296.000000
223854813573153668026243365456762193261804017542506334071859282345902230301343950142593589837824.000000
316439999289853507358948523440711995959698076345885736724264821733798335366237467258003157680128.000000
447317935907773234182156858622200789183547106497764513374966030403935203922565150272088136744960.000000
632326305883690458716258707254308087876250431845144010494826906695332513175174408397637422153728.000000
893853174702459657095567754581838894190636605018854476193000389391611586140628370702860497715200.000000
1263546195202304954194559265780180786968561412922189034504175259362821742037473878514280395964416.000000
1786142324707489388881698768047981216029085440579100174210483256433164938162979659309662953537536.000000
2524881493233161745906505333728126652307430418720084747812089380637221202224312973980980624752640.000000
3569159336681266854628098171600759568731133598020915995719088963553234639447964607926072533581824.000000
5045345060653378853812992874884257535008545638750962548237887466266825590028043069044602852868096.000000
7132073516428914715237740044533056532157714888379141364636661323013724702683241817655410843189248.000000
10081861999971794369895292960267200695457493332623545601770499469770095296957581064091774530617344.000000
14251667646489602592523334391256176852429292745073623158902312071678061026116247299357088013090816.000000
20146083204329385825282197263127225558068237647534209593197654002420499710599556100922294547775488.000000
28478398356120317042567601663440978591230298518721634210765134160398751898508914640076724443807744.000000
40256915684513240977956595045057216678058120103863461286960876573059851556758792333478171504541696.000000
56906966472070548429177991139527684523040439182089921767798396652145556130584554760145139113394176.000000
80443391600891318038366634867876817376124548752408294635281275620231133270224478643106406517964800.000000
113714359654548281057418211005661434052538072391812955788820926263315841023757561477012539054227456.000000
160746026917898889955766340020527537418276806649979666869341874243447983725441767736667728668262400.000000
227229746958843087818801440486231775920744436132125680980424304653670488374488234594207693126238208.000000
321210787557142010073599202773152390991616499553758478039881506309025703640820024297827967485083648.000000
454061897370185369072460941188961064695285498325591691323727261258153495077213205705716446416338944.000000
641859534704249678162308519967325429758529684973831163818395096857575354585938538014646676142161920.000000
907329297342199055010738399069217819868626923817756355597014529219818346237004087802221741907902464.000000
1282595972021848271701819824562385844318060872115946359504835471584390251225761064019911828698038272.000000
1813070990064414235349127494802240891077577164107841460406050583207470896370403991048281580049006592.000000
2562947714416461063506319049293407206491385138149140776462495307181058118307181309646548438286860288.000000
3622969548809112018196889301543614676464488333300995738301818699380645379780037967113689348836425728.000000
5121410896432056721337219653764827131198375731499264265328141902039518062958783331135732642293481472.000000
7239599785958612797254282594952042848101491823184054045571688538521134152876655670514988874517708800.000000
10233860574898570077317759002361189165055922510748845043820918278163518907679491955777092491912675328.000000
14466532040844779883374886084360944753167192304794106933878420724281993428020984690540031691871748096.000000
20449814393808355602473572106917666833515373167466324873170340248812329688336391189344122191451521024.000000
28907751184629514299782190418175883224675528041539772690005682869374096450121844279981612875808505856.000000
40863846608087721207818159582597283640301827090093394124074970629237694347028806453706535135222956032.000000
57764920866525133417105332764090181842100672666443389175838149970851952788717536918372439745108115456.000000
81656191467190421956105623868549972486350046259238584958790245831693432937836961062441760647184121856.000000
115428767232855760275767861133472013553191033961732838266115095425953574090306968267804211894833643520.000000
163169504547004525666822342453243216308779601754865027919508729012313436428427250917359034112797573120.000000
230655562321006597815484414903108175996407521064833299297590535431269823985491398732482104560183148544.000000
326053502321530688183047282677085542425660652633740223734759128489829903409985909155974505716764377088.000000
460907533754516809469886421598289950876175208872619951941631375200513971867019944882457202158911619072.000000
651536490665210164615394296065330990180706187969808959084178923922720735066145504652333415672489967616.000000
921008591919501274981702031723958045893537781189496703095783809721034752101481490236726285852582346752.000000
1301932951634809245677952042095139709373534607471164640051226415545358992382175228616596423363847520256.000000
1840405643795207167637130715249981839852676629176833385332081912552894163011940687195651144440399003648.000000
2601587838651867900147996071959363296980550785137377516941069847230810769535615474724528562965732917248.000000
3677591027304218954340539516707290054575294274661808162791512187771293104688392580098220523633397202944.000000
5198623534124809126348536606631610404855224754643328686002600029432739855487723912688648507970744745984.000000
7348747168704872203607389463599820495684420332611232085399238865734896193626900487256107525204281917440.000000
10388150747030289732306492833432712926964608347176409024733107414753194553422269865951531509723701444608.000000
14684635825080977156508865419226921961659132037117488187017159758244177245026490806860849563084439683072.000000
20758124767961933980076038819118642797549044816094976434511447555458598914258357408374710847009718272000.000000
29343577124759807477691875605630655789747350085086663095283451199864859250875220519005344601390547206144.000000
41479927888556856937348774852253130879557465432978907682069298504865752116431128602475055023319098064896.000000
58635810157857877822300317926631533595123956135779685611392877107662363039155307478511260238291430014976.000000
82887276036389654252628479788989109776988343988768892085145465979113298381742009277432332122894477819904.000000
117169021972009929629374191365408150302427733198809331285143261036833998103081823899732951317177794822144.000000
165629519588146964837246658860914532467037660110327896431579158098942851039695130544432617084997249007616.000000
234133026778646074010186651167481750105783641486526577781085370671461871472841836149724824281241893208064.000000
330969227978447668458316478065920123926155925495030928098644590078204207460218985100574927622727366868992.000000
467856377956500387846483675701133020275020033363026416820039148068364933129011025763535009491807765528576.000000
661359340660001217383137645265686986338982057392730107538247214118493604319960827316392803726842344243200.000000
934894121543639665797911730226652871042205195451156324206725431280674762071233689845250848475073440907264.000000
1321561464036512505187799910964567528806189300601080790746642750461180649846012548054442664661732602937344.000000
1868152406758720456196927521256371638286602009424243994135292688173043180587211809162556272738376779563008.000000
2640810518353595980473255268829557425870055822928507794488345828219907138133109324709359619318722974449664.000000
3733036003174281803614530257125807098617255293367153223058993008402499512885148708902447929044142470987776.000000
5277000263420446385998142709243487138424281880588273355996491246141168369540182879603163441767035785183232.000000
7459540105281810281600489916945950714131296823186532390702676077766082199450418542706790586557229590118400.000000
10544767065491855093126301227758547980899843370629627187727742788469147087029050344300935966976641492582400.000000
14906027837661312425540358792699240030312207910777537071598854728946744728926187503931442238618831201239040.000000
21071083364587355433426799819936754083504630642938351936862912465319632677957094942724354717475395120136192.000000
29785973767982041201461953458296029994976513325107950541151295615692243013988778880130964259481785429131264.000000
42105297480715889143087310866282645484364511123878636760420085191574155685350588012280167254237481187409920.000000
59519829358249247830183636340806080403571403507104163771382778569676637686852653241601166378739632718217216.000000
84136920976692197594880805810776644315863981932893519915604303279881499217737055454592822077921856835289088.000000
118935513555147937992773649985065125949051022086626451618622282794959617633743678618371568768997350642286592.000000
168126622895380754393871698878286080717150390887363032885435217815385010041123643745997056999552055121018880.000000
237662919016185632620183054104866902782737982970398925750603993280725141694256980642046500552481284940627968.000000
335959065272141960636972250161958924355578174293665002709996023529804760504140793219159010469964082418024448.000000
474909985982477073665305682799024661161872697543104822882876219414074035321593093368218206234250813806477312.000000
671330284251087003592244513550561149631914846933502787491335470858982158135220200976239049354086596002971648.000000
948988995504664920337298382744890934342633103778710185548786703677164531940664592862919608938897742197948416.000000
1341485904503189561013114967619215894558512781517792857604563051925246556082288990556655245043187362186657792.000000
1896317492094558279000595149606297701282761151792849340591512791779258400215226294247312446231524643520380928.000000
2680624536383450294857770365354317120882190677775955028610511941970323501828073800319824053868345376393658368.000000
3789316891827034754411373339693606255100601006567794977165442132332941816140410927116354020494617494157262848.000000
5356558634674722686552658749564134403755836355053134233689125896550929466646228573575496375268936049731043328.000000
7572003404780962459484383591314797684875970170231183159897907482042959576754889383084907534340079706286587904.000000
10703744600285924858621405414896182275786144021975362387583428474414287039896579772452268350300289001255337984.000000
15130757653359017445013740153701360951558685019784968332215123216660376696568235039117696132628379475552239616.000000
21388760262326034008828114815152557635064731169031003409355137887248572086894169327070805761351751395140698112.000000
30235040177098950570777154881445260669413165081728992620899618039563524409949244613503257835679108661006827520.000000
42740095419227102907043372463618464308323137304283874438074888455872014985588765264334431187409421031809482752.000000
60417176419968989365474116376155121721504616674088798439691374511056457160383929130272658406227455477324709888.000000
85405406112396251918257516947984315311296841324207421233623957440896224298647337080888209146319442679007543296.000000
120728637540441264995376413440091120958606427498819265280196864152622746428592381135301433525221870306519416832.000000
170661373627678094013074921620566723331445861700611858696742008776956538142783627848487644246997560076005277696.000000
241246029457838090227006261061431357581484992737287240751450182646501805904377283463288177153449645995569709056.000000
341024131542166237731933613554005286926127334755277341660776841386445270034402000726376420491489465443685498880.000000
482069937297822765266341147847182070220926689024048224455047604757463606365638805146539920153803794828805275648.000000
681451554162502023985693562868972064297126971367088969452986226490504766176768190450032120630637510595425861632.000000
963296369969649975755608601254971835250957252999621634890075391780735437944439412082354011150683619685581193216.000000
1361710734576186993180648319854454461670717974473320959195020914409543907742551491976715328178559870206126063616.000000
1924907206614346029108553513771741961123497176010738862526022726352096432576331566699196535573010068545145405440.000000
2721038808017516793294363719203601031070131860081326375696599207200678751918158229700873132680710333203233112064.000000
3846446295850346131918365616366148305429745260041102702740954409114953968914381914698824209655712551166281777152.000000
5437316462840247978449861914003226785137131955692820488133128228159630174396286064764453046059924035396599545856.000000
7686162250326620153221184081200954044410942784724766270626308556921026595417893749150181183578597476181479522304.000000
10865118950145920923768254722634822790045987775238354760565903238152991739516843960548855651651178642966449225728.000000
15358875594358354060326474443444467778640522148397673771130562825990432542564220282047442383781459897715821379584.000000
21711226596355717516457137416857164154218711761536862395910502359603951000606039905046829088061762163001832505344.000000
30690876908427524835485537266837463122324339556986169598294054287853238953859679303314912532984374185831845330944.000000
43384463849976825352009930766131662619257414116108691636449974434352439059564946465734251509183688025274052509696.000000
61328052279702106209340015608997110692330695275616849401833357186501223163250832508370986398439062419891113951232.000000
86693015486553840433223437855669677609910109003773022236811931123146197960769250579860469036827492082275181395968.000000
122548795449669686584826720446863834940715074327700428398260494435892080491758871075678570938983450288738736799744.000000
173234339374137052977343344697320837587010666879433423357948366874549323692911476801535002387691650547311561408512.000000
244883160444597953511506622905817487028042000486433326526030059137147646581236106318571600811776266541865115844608.000000
346165560973574325333452057121469111551324131560110362822825939291533715826281773303176187141432600390944514113536.000000
489337835180625843209217711277493610528127600569828407002658340846437185950022075277546011095308828585962678255616.000000
691725416779806804999369036145026070315310151170781418912401067627741397379388173904644658507087911958440839217152.000000
977819448689427106296874879295637564100557591677188752125693467663706399222940621257092692898103023230730335420416.000000
1382240483061005530135387646662972404954407116423637853637067636899611491236202769162609617180758545053659607072768.000000
1953927952213966634245994233813812022146765014902463610523191372151170089053380263656650239586133192433716449771520.000000
2762062382942493251857773983671783768849433574033427031566398486216979787027256499009637619441632765105347080749056.000000
3904437007834230113611940592274804020541714161366914048062188014380536092231700717704466576411747026796333513048064.000000
5519291831455680070955505841314294386705684169034752732615621140580476122851888659687594897213081027228523336564736.000000
7802042204714896479043756949270365474013896174370991679818452567471838008976809425796172743695635741937309184950272.000000
11028926250507373303804751131737403923876353570618876689837198274753493271662087922265269269396072210357200292413440.000000
15590432741522892596065616565735212414009167307134353389176701142056674467300176691851161286804768587166843580448768.000000
22038554574319269458566103329623334742130217215706721693835479932445873448063370749927801285993609966656385196228608.000000
31153586034315886916206235123282695767425322746456363777931481434503947819529744029118949017792049286016822985883648.000000
44038547061905042407674125708211711673449457126712922173389869375481700855162913592723274410659817756795793817206784.000000
62252660903543188124782334343912924850134864934258012972546967497670453115546596706192419817604786391333764480368640.000000
88000037424574625951398540647098645925854055020096093187998711564274424626309685710283142338514535213786550608330752.000000
124396394858131632576962789418756851461470452678844993148414791480505604053208522944348187308346282829564311270064128.000000
175846096281077772886423565198114348435203812974990813152978489697648982413635458802170134667270854207805465888292864.000000
248575126413904788746903051714166354330797604970169057881865860413325720689536731887949716326410771258808953257066496.000000
351384504850891662323082134558351586028669988072387248573148340548056231964327287560933684186600301060344034126462976.000000
496715307080699104166660222032571448874072135872554714302116689346571120152661459173692547332968876315368066425815040.000000
702154172657585514344787586498764378815518755903324169912697121376390593894653901000211811553864600162403338416029696.000000
992561483715982449395191378902278590092276758677975204489860761304449260437819552544260946781509600878401306371293184.000000
1403079747041405121989277736103927157470172153250560045416141514501338060708374035570681685757671718265490551060037632.000000
1983386227307094000969482273681322811669514799913140770994467050739136041379572107159235637544498677202482252159647744.000000
2803704447282124792053042850555358344940463785807797699580708350085664878419363390596778756438826944228667191363371008.000000
3963302013235398390058179378692606044511954325704152763896831079924433833041039405004551388495859501520810645083127808.000000
5602503096695039935061309302969179723472175169730234907220637057394642747521136239952214632815211974481569122822914048.000000
7919669216137840240496408688494621499496283307106389623137867590236501160127130726152208901185159810678375521095516160.000000
11195203181599500515410250570540894252623789397308590597012345979455289506436506888070979180231039534337016590833287168.000000
15825480945833755542679083891195165632307169984299947488605178215304271899887799232720556707228512051337103381503148032.000000
22370817492493699897826608088283024247532573429807670478505654352361550385114884806380780672630438599338492876139003904.000000
31623271165999699478760509053075000934491896804611605990073789485756313860894757369488882515420775165771233863256768512.000000
44702491519315198501069105365710062840802189392431541401983474087155669064280388903502747174638009642181982710885515264.000000
63191209332669173941418355980991161573648572152403176200546577387000700104251236782812121884854159624862690954683875328.000000
89326764598788649691660028524951443281560490608584326717888168972724900061729700025044634427595588981833797899183456256.000000
126271849485909482068827830107046919972527898271825890460301948722010079646109506589489814969020390260862478071841685504.000000
178497229181055570373611320666291856412870723849224818972100047383796325862074344729571811637023455950347631236921425920.000000
252322754082014408957606652192506924614301264454902804424368879281374419894972890443429779319644185086715167129263407104.000000
356682131815914194196893863634210439117041977394394893129341657125346949087973841212680415315611966261026391619683745792.000000
504204004984002439498489508566587433741189333665398063056208198361132795772717953478243014265557617486197931101241999360.000000
712740157034592615596566625598511016103155572357987854496788444899732913321268594692709360723858276314218668140275957760.000000
1007525776130663070193723217748458054653929545759256986050117782701303568825557737403098657096572027578035078838725115904.000000
1424233192908796961243591459831952900997305783808793527141521377482444307785251702867341525653744734970465436554229710848.000000
2013288628280338545726729002978089127769450412412761297230705645419769743003130133343574960223844200377701669355506368512.000000
2845974325654189391070357934539509556369575624769784682530436997005249467460243973492281335068447899390336893200428433408.000000
4023054493285003931994248413051488039167469971121501122449174695068299820726422317114784016087671840924727735811907256320.000000
5686968891478074305385152140796899920367161561869559245841426913830453142208849090746394195033569199806917121441018150912.000000
8039069623993826234375053541637523622730255410422218890593510780218279799921628447504616780268777649400216076976545333248.000000
11363986976658741755116402520500562462315207195546005990134486873349081800546470897474521970270578795085644169830985629696.000000
16064072840000161539608710244957696508220205414674766209524092989175131391782333917001909565255510620062331510603556847616.000000
22708089752202821768978317489458605640115337489708120215218185325137548218101437120434344905581202514372895633859351150592.000000
32100037476803033516674584478470683720326310307549842415101705047593232241950138663813314645878980911022304747330522316800.000000
45376445894670788346138753528061001200564259875017741362650515704119752286039853891297501739483015212239227131320137154560.000000
64143907729700592150056276931727186524219528121598953781842321778727541313833617680844331603552418478671644607240407613440.000000
90673494093982414151039536222106816900997682598514875284636784662606900059946460499455419789097758269820115769421956382720.000000
128175579290511054028375749726831549470951685496003976961657435839806107653953989483409015109269006344525731509182333452288.000000
181188331723817423242101142961916558436300349330625184959008582539428702914372348274090594793338015265730387211806885019648.000000
256126882629119345514600918741821252821666893326727141248401410429376284008483119191505169695127265318371102299701597175808.000000
362059628129394361756211186067660694221753362113988194233106182230778171784211171243266231972704067933577876952535166615552.000000
511805605782561007165081899079540318860568212487069551081577678075875545008698898522169485619536028175436160713783337025536.000000
723485740356666314957877800563401525821197768797484049715805433964047370130563694160250660626159411367030037144501342961664.000000
1022715676783368365675078264302466330325036020259271929806113061983077879025784029088855911896363773185122031595129051021312.000000
1445705557407155807962990601926932795324411252653218913229641837246858485090022204468703940660330174641161469320996960862208.000000
2043641850970328867093372376878185133695693814797369560320000509820474642839976349223900204951144476645018957130157839613952.000000
2888881483258492531056051363175453172733025864446032299414651054698359265778380904323330881288339976469709725580099200221184.000000
4083707827940229549299827439251500515105222056951458425890514662955981732680077560614130036716096618065094061265450812047360.000000
5772708129642610314735329449867658146491867435596781885788875199512313676087495140928342184046101937778681266249282543943680.000000
8160270164785557940700649030292872368597620343199370166746997716336542252003878025484472159939253060608920810621114892943360.000000
11535315430266162133378359844240275215106051759536719172408628634639591165263381283138767497920063845211443197740007938850816.000000
16306261850245166292333714771139218660152159623199126950745383087347204685339712871702235968871840424901172993549456000417792.000000
23050446876477463973382205417940449531392124137766422026872691832233201493798798331334113778417559323598006247243593690382336.000000
32583991725689192270515261494887900719741388103314328588375770270949157503857136604123299242244980807582807622054937777668096.000000
46060561101886591130356599892830468734534818245202754013858830213602641162554239845698169564425883485145205451866625978400768.000000
65110969425761943946643363207394083095990528033001549517208496567670140962635611863066424124226269623579987047216757438676992.000000
92040527473923089758447897666118165063651821686572704525386216008197356587619595199747949566892364362855586663397099869044736.000000
130108010560907950237469531508838753136427747566831754040025366399769176167977646679527546610661021949870620966228020418314240.000000
183920006509234816912009196095746968550682389366912819369115666130396989341692932988854159919957918245038570570672115550257152.000000
259988363887261225945729401085910933306643900187142279927199312504396524920003453497673850120645618079315274118333143258759168.000000
367518197936672165068323073607623303485697502882656213217199902992805308600942311200255050340403156421808202806155488891240448.000000
519521811649959479943351813894518917443992109739147746335924136387279841214144233313491767340006729159835947402943289683345408.000000
734393328807526358837869609755525119822763951210043134796341215718967666748896164822659681697931767897882832442130229851324416.000000
1038134587042879966606748034884758513660592488365551886793593708537818096092228815692666221236040995341441376847175231607930880.000000
1467501648693688178396242389545770526241913718313856663828818435943323614711582391266519560359229347680088051969573945283182592.000000
2074452692163064430673334386818560341681713211735361165936192948157676272789678593334066156864268341977635916782972805931073536.000000
2932435527996346940500268150286912469862253173123291200996843345570867615905890076116688803374059154155193536068451607762698240.000000
4145275598880356762510833365158903663504780600608915580548583652307996418715248111171265012252516034714556308626099305294331904.000000
5859740010179793114354805468136964628947200880751367419308167393301197683499064680432830104091882989689505084042621193065332736.000000
8283297978106982549240984791801877133849584852072803280574737163657793452587327358154419070100212474037213677259416992193970176.000000
11709226906810493940947860846125373567087396669445411102562934131178232285404366739685450505598894477794943373661709071005253632.000000
16552102208269020285305889031801827115858292102171111863359397242478782040443856510001405050757978629455746631314492735287721984.000000
23397965526966802574757163794537366295847894308935646128808298731096757822377559523556701060296656204009857969027357625668337664.000000
33075242281166379024422420738136613940396206532509752041420698584364540130495618531481347128131123611770992941239721693993238528.000000
46754990330121810573352403244651324005894691823589173538670769919843620378676781387261916718080709205208833332538209351243923456.000000
66092610968251238226773327201617483425404886418638117023021635992218188965131451203094047070570975010932366363714558933468184576.000000
93428170848885363359298872545690531018089399496423985942570482612560231094354468024858135986195344419317218568257422545418977280.000000
132069576012991214073376173461229726406674037453615723757112764617138497673964350264230268431102127526521904523418008326810632192.000000
186692865222238896237773844859358578959755583398956912164535740771850247943746141404528624068038892659632287339157309203343736832.000000
263908062531075021717514429557426181485515472059538471535838072267956787499107834783866250265453836547045659904270399702585835520.000000
373059063537310797046690897518125908342020153134149318967183927885720149963649622649887135078974537790501568627218157584447963136.000000
527354350422498731729784913889331939166352178238517691043982791870338806751532138648811382607938790811119067817630966838854680576.000000
745465364847574026223901966315248207472687427095942371524252222795616689456947406079238363446853487176710466572301707266121269248.000000
1053785959558508029450670302321885524977112027098192948688131571655802361741415271692361952760006799705288876324633838356730478592.000000
1489626347415487717683964814022256560847989866663007198807998200660349722708311146884113253547788307243109623793890625949955784704.000000
2105728051115873105305899560469971637527298798707581446858479651981801926826256826353142897535218974882176390629332799333647515648.000000
2976646212621997973125457165784907577152423251261440108371225204422536645340583378077531191105098807206640374545522697985765408768.000000
4207771592548025526361859809136107235669012595982137241938719689524918264366760913487930042145982182584782431126196096426703847424.000000
5948084021533174037681627636228071794770198431804178525222931315302308638737087104703796008747016298346963824159319810900286767104.000000
8408180612720473101388521218349180760555450767221503428243027107298390423011099671963739422135363098208173553278303952419699032064.000000
11885760349078842573094028070785506059053844261435242767160233664919974058546720990262206225262875802678878591112564323667352223744.000000
16801648963392850816928404967803521561732152675554562397079735217013813210593535336168525175228726864880840299203027979983055224832.000000
23750723521104668273911749969761917347851211330985252221421541892084583389797847796624948849086236959997273517040436498528198459392.000000
33573899145554054441644568708898775985228234787599027345385316407360831738603684270935114672659324634392315585493288701216467976192.000000
47459889078082622693229143057265263124115907849560858888124415533751487219129137879001834633716698347990156850265510093863201538048.000000
67089052169330178307218794259973447216704655824372068615001156747457887415695939892531919843300429366257968389287764257702825426944.000000
94836734944196913948828095851887720938679835667049722847245874165065942835046845868174207810349427257176301162753928354413806616576.000000
134060714886466659194178506289725734532981772549639604123444225254900146053289932578772118871377145170546565385620112222406548914176.000000
189507528769791541814295501349844186726276956920886901457606416839869218938632641415435402962914861470601134984921761274262957588480.000000
267886856271410219040653732066966986135410783594723915847051747399402584561240962193341100831953323716200161849251242379380025982976.000000
378683465658798570094293488633129008496875881814994453368979275061312631687384900163144894166126575286776633761824832616512731742208.000000
535304975986098061283217571181744812341502306542430834041266790982733182939401218147873074644952188165033253723400817361488395108352.000000
756704327760815295111983984738448954168589924135008680330128371314140630936928560793837266546467178584940059908782234952952119820288.000000
1069673299033218803431231305580377701898781368264281659706716964587862379241822069451129617031885020389447765389031048242812076163072.000000
1512084607802424617984874890884168583022663521392140882428851585476784064759232891287305391281462749902137012676077127913590377938944.000000
2137474931102312293940034833162430585668741677145309081330166829365263829744357606733623112620252004896129741550075139336666467008512.000000
3021523436926495992835430142291918285774782174501794251277592650858358539218782844923252165277949785262669035293902537020899195879424.000000
4271209803236333797498312008109316968137467007478128737623721714749982420419569479900505529672576165260564554845920064964052098482176.000000
6037759945962638765839406665303044787031417282614900931502226163931397624782083365900338623029292991683959788218127283920655460859904.000000
8534946032725627555066951794136181803823340183365588433165587158503315927193213680655182657849856132605941373613451279571534861041664.000000
12064955286976840452640335381531406261973102617153787364313809610587353352777849491592806083826197229346324034283354404077480699756544.000000
17054957994885520678677109547395847322391088780840447045077023010364746359886816600053476420731510453348131253253255547235713545142272.000000
24108799849534653324454994827442613892038704688034383661512442661196086683240870516193050366296165169665492540615516931027761832656896.000000
34080073979614846752381772036807554816104841958393786939072583939412603890421097823923746009098945754965093645187899976450109001957376.000000
48175415188841884407116306254406689824981920980728848296612961012949561659601773749959855437884360945164963672239824806406721554612224.000000
68100516155144983084601841860788445710160471538489642327360694432176102681002621409376910570470753129249564794677618804993013384740864.000000
96266535169816596764808295974132505587187690991899857966482505371743916823887920101960723840212736541798548905939773062210349397180416.000000
136081873043210354419259384857507285852520775642327240878322133984183765125937656705023054406238313614961350779512477692825639130759168.000000
192364627419920263353736204067385073331538902139271863392533559277047032180138830436138869487006069011850360910125894537253407537758208.000000
271925636051869541166294383441948466489757721467381472635023953861763108572095681465740559088126243499996486273196080106248304458727424.000000
384392663734375337089338945915747317371736717939991953699058494447439194662586023762892061408171880061428812447607670125175018155409408.000000
543375468669029610140928433713265884112452647316498555755928014135380027027399483446829705267756136615581623657815700864173904907730944.000000
768112734210029700085564591109020266947200745869278925686876598213151157924165287604471174824671359417263748118420110482481975874551808.000000
1085800163008417643700155340052200612088914383562914262219439318840396728316347691951162307779336085643436860996970667225337935505129472.000000
1534881458776513272049225391698644984671299099748383193923436025237309748356506701290563292413812595096878860919711257771520814401716224.000000
2169700440980365784272005356564748056115335697452238904542512227718870755887384312433990875678915225338562256546992773544219820104351744.000000
3067077249954483003516694135121153698790378540017014756061627723985985918888322688453595456151941342404745012517838661391975125530705920.000000
4335604436222485080726047170342198150814282515971845419867493389120803140685209808369852855723934368105692421098322839378391309821673472.000000
6128787863974099202465413915792485569617360516046351520971151257713444175973099054843817778712256806663655371316791592738756310725558272.000000
8663622623821088729564769261543483257278169249804298823229012097042713164109322343913010630249767696565417137047105042259774470887571456.000000
12246851846380337440939547026649523447351842808048516988071515651263592500075870377822810711143377831037444873227129467999202076203679744.000000
17312086024476275090113882740849441386165065675407473618508536080534550592266474591317962023551245899799058287176513472916692122751467520.000000
24472274693797986875912041762256950479044226588176046229020349831283345271140440573813486993207181922717031549995895513580975906269167616.000000
34593880127558048059279298844815358991224764445199576960006400137319957512416460998422418873873366185845811382582445195044348159621857280.000000
48901728885183895492020596939598942222151610605212537108014452747093350092448817288518979368473154316438623533745582043631766962178097152.000000
69127229415789566953035228649059908391536890569192217943412987924620679399567762636160430386758786021340469909132189710215674833680728064.000000
97717891690962325602173555222450827597451755551321145683673255011772747735916219004380421303468983757165193748660290874063511137925726208.000000
138133503067107910032355599454918391187793194130057207802593126645375853864944999857586262008453127334528952139188625279114870849598914560.000000
195264800942849821929639609764830466946877833360975753507869680066032213747619600230786168929396156723849157480722788069433013089312178176.000000
276025306248313016449456654492377579864720132013609211401983890581978326949137311402294388269023793516853016080169957556145478038873702400.000000
390187936185049178400180400476864869271038827355663392973095557505562037233241687203757597166577467934717249290522946805236455054843576320.000000
551567635640576242848453396335935965496552754659014193482084758636217305980403256262156917214422753717817232476603768641703234513376641024.000000
779693138800308399865665020509354046252220761049646083494011524978836219094922642632732725838715218286368990682899672450765771268853596160.000000
1102170162660565102108913035545529192008148931233759559184400454434644367844057650178899484304406256533170124918180356946537983401776906240.000000
1558022005078000563535408861227884038828284247638055101003786477532405900865396315116299285278022415746542547137652405732764184372049870848.000000
2202411796784276293544190616908804938860368671260859028903432409554420669070397216439397645844759776482437322346031900482206635814148898816.000000
3113317852254406628136585703748466640007575436672637033730871453178750489416985942179450433115015376406505431364115537810410481412265213952.000000
4400969910948666117704690535817347365341873290426198167321257629462261915228410095035012368305689443144369368610136537189571257077663268864.000000
6221188158815982369496427605929003466892110151984403935129192233278427094900263202903612982654412429390769176061174894569859405453031636992.000000
8794239199660734702498664762344816775602724404242744538124020074943263800932957770987043641073944989913728702151655058790882346526656430080.000000
12431490758120489506542877016127069445409012668887552096265727107348548273853735545324690694946264203831260446557244051420525807489804926976.000000
17573090629056013604756864933616721517468490596878496634770577542759325042316613531090331445393232181462463680840278666430335978736946511872.000000
24841229444287954249367093982056493352820080085854592847464748593378725037691522066401926697084468700642675863095284816047090300597326315520.000000
35115432642420011859499519170526080798034600869614303162834340850148863572308337369549200215099129158577812903124447890816754896054352084992.000000
49638992805481976112503291045351891721238596106383136441155666757859385362836315449730261579153401177642599640165366259097884127305578577920.000000
70169421856021923735443633511826424607296128455347639335600994392336263405796806235087290385717827322321056866916949917408394113785343770624.000000
99191129499803258829599851658876059706336801150116986519076819698770630533369404508595456999036163375185373604735960198756816020286946148352.000000
140216064365398115922378662401711345195010348840650207312293038344498149349737317265479161079018281105905127713247344744692113689270730883072.000000
198208698754261693662287887103753289598880230395896554367700590166676322571320898094161572077035683198363447838185276715800189917300795637760.000000
280186784871367834510902910347301344458312637531308141271358573024866686599830864371418728195864512885333067558051332057832538424508598452224.000000
396070580705864335159808654869471262842537657779743629632907512021528648893518989210219446604114412155689515782078526263950147149823500877824.000000
559883311315697993644499365610653574095553761114841631890462508648082390386429758721722041477913714408537750254674623851965915773450154147840.000000
791448134651091573841746848926832948736034333481925726472423831817307442840488667434630975387109049107279681108280376410263367021968949772288.000000
1118786963609803495079960238987599517009508963273657179897536460855815907790811822352573244761696783172335588800897321778643292308585920331776.000000
1581511428408441369622238505352765890283859577032455049844413844131836988531558228661484805453611615874652542363577281099331658497514291593216.000000
2235616323340390190107891626188105774202945840621396993102966725075295586561711276705628094294179522087845943536939542515692200864500022247424.000000
3160255598162661606452183482293855436163666279656217539369429659407138622177139295848582043307482864091095138288406657261188799979951296086016.000000
4467320864250914538084340320300018478868720924851168618649900893401516636104145573472949369566445011230374585887280929372008142273551253110784.000000
6314981521043518632908434768024350849493833697452499592563839430337663803431104974941702179931985574362202186869762298849692008767716090445824.000000
8926825008305744534185628909457880315784143644017642117911358311873946977235959250908684132970670392261884421339975949476818058807134665048064.000000
12618913367104329258641991715229609791592588192278107585980890814896009098124599696789497012565865210675032248652134349084378206873305449758720.000000
17838030253570127094285422463584695028489964882933256298610024531888192552467081865609997125146943947792879281720067734913863522865802769334272.000000
25215746718475150733118987049433108107012202950607297309285787209548991504973229582425271247701868560510711702658308389605189871235889916542976.000000
35644848311827127594621706115221848114739383013924204972957161683840845928561447124691684555347979980570398504667210729618937907006084097245184.000000
50387372040116914622512010320544378680111333614482630018373007318475381661216807838645120521608965708783033879688364825591462032541297485545472.000000
71227326846744991300427840504014649910080064783748649116723558748816669169964157465039971711553097084120480052905249325046439361917784210538496.000000
100686578488233203349961004394541823214845339509106307836978398789191196456502100959605468998915277222743463124141451380446469831679183155101696.000000
142330023271544765892020476286482704676933350460370554890297851818789007008493051396887623027640616419440626675526212184050117560243186313461760.000000
201196980060713199611827552146183825495990755432695781935017332783198700870369633754293129675793270247756862450854436553071567909613076605829120.000000
284411003771991828700969989300133286458455333105917159760641303624267889606720685019432314022526256004568808580521911026570058466840500399767552.000000
402041914556484462653028296286522465624863048410654621624648151492070368935441586229638941299804992162419003960139095340687529335819635976568832.000000
568324357765799255183802168521800549188174149999585952055476614812783103323884145521715458956336517895838246079743198272583465593810095343403008.000000
803380353976823004086205045561168145754132652303459495235509813058765032926833212714615143412870866781489222030013604357223110994743472628432896.000000
1135654286740771187073086397006504791072316375761814798922858732523169027316029761116125418236466244963498414622819624600639437031940189897883648.000000
1605354988590991463859491459233990790896681482502623387136319758685432449189166421889260065868626686009858803129296931651960457264342846951915520.000000
2269321455907343290455023280496824257124561281389228702380442959327163094712467327528518917142926087332357349974066841341024747097133999288483840.000000
3207900998122156639306677381338181842779250963874111369678041634559287321392368831732380957244847293152578238737935240718638600862162260517191680.000000
4534672153636614821467700624423738074806514492728759643403511821443910346607917930144535779185554791481698072522003296346557283182653783465263104.000000
6410188953151814927254584115079153407345614895448684840335651260481794378759980147999537159186871628572470358294566880824709904571220025118031872.000000
9061409738773883325687758813003848985549893032790922554396274903902561944811181529576807743826303899324844094954182643702798400596549065009790976.000000
12809161641572841105681011505739914246372161219926825368791780713793494674989190787049710775124065527293299814978751634852855960311313495828201472.000000
18106964224105623651981900916420175819238093872110550660323321261029842668588524664371330148719125855797742209267347630596141842526772719362506752.000000
25595910379407369678499573922155390141463188050918009398239971558085192770366718774075592894326552518408205979935497375087976382728821820841000960.000000
36182245684147226324910173479592989303658442334665457054521094341413033145758728816241735523598873636479494450363128218558640353969422192831627264.000000
51147034168444442437091544386722762033748353678156905271699489380846543667561787060596316201460904878256918464872941378113964344019270645810462720.000000
72301181277263760620633545234911232727203439526991267996376711261565370237269699106088049362052281235177124293565238894023123447614649022816452608.000000
102204573521740588693357483671062564378821439534384090453107499010162734296985258963596289033322683086223063793841853348960893979236481195275452416.000000
144475853149659520144498960319815150096501652230193837320489234835117769627498597710309397336946329697223398886234438969831991807318139829384904704.000000
204230314007248464222114534371410636571368178772538820943705110720388458562556131242284151124949549856284448673000178653731966006359394397963943936.000000
288698908850136768886051715608235152367206986093257881813401275100382877187365965782312102890083939762588733117365380432031280696068323439582117888.000000
408103274856158008006856425952821810846054400724151692922822379511935926032103681322002258851346335333566518515576223369291830057161231087026831360.000000
576892665135689494876419101174575113401968658439749311827252579538129514034079582190450957478250907739108518544533724626749570355518216111638183936.000000
815492468676367976692081850535043239627439031523373087144502282194277471360245360524491145322634048960469511921605971815984266202964094849745158144.000000
1152775909035795665275899874359181047536810956160606957614233224018606631996668923062177735245719696543495678581079143345717931226264207066147061760.000000
1629558024748210937130613248711930070841869602391634482746428942261441767283180683255877386709225875737718597141878938937352074802327033680008052736.000000
2303534741840996387083286872270961516142268857295513158641355744043142967342753122815718278923682962392062797254273417039729553346282495524462395392.000000
3256264721035851224982765879847259021270256302951885835057237014074237226203779430105548324884646499433213198044109415281387819065792099749350866944.000000
4603038860611458564043347934026446841671174704357514317752205757012577482092273470364972864763362754146636502513074033316365182763799784468774912000.000000
6506831774278818855708177746886617739378144274735864370280820430670196409107061682714262744737875660976042148825930230381712965716683042741192491008.000000
9198023527687586197345287305085926336078377311818919118297294245869612761360015218932031039763308257868706144444489464273939423334275885788903243776.000000
13002278182498635488286826539331477195495501684434688441114737878323741324352673793107885239123963498219740827254130181816980168790598491513318014976.000000
18379952761175643831569093540044647019532538667270804852438161510212252581257586534471289133600300721292235281841482365390302968246071024245222146048.000000
25981805554488542152584649631509437916255739658126110195171976634946613184998210919821350446869788146854477760395362373963638629265568468833998471168.000000
36727745095035431545940657676370868732272961687086223802836439843160534711172471028106142526429366513799448877211682915596476950686027658296874237952.000000
51918149296320264652281612133484734556968678473761794053718997350661577145758779324183215813275870232404962307875614703208058547958757448218205749248.000000
73391225608330520965202359333059956612342903209548657743213272068922338378396342347810977583724507719794649534438975719257134554828201037815114366976.000000
